[table.JPG]
filters=tilt=1,-0.051421,0.000000;finetune2=1,0.000000,0.000000,0.480000,00000000,-0.005848;unsharp2=1,3.000000;
moddate=0064e9a2d05ed401
width=1653
height=948
textactive=0
